# UCLA clock benchmark 1.2
# Created       : Fri Aug  2 10:49:35 2002

# User          : tsao@cs.ucla.edu
# PlatForm      : SunOS 5.7 sparc SUNW,Ultra-1
# Source        : Randomly generated testcases 
# Note          : Coordinate unit can be micro-meter or anything
  

NumPins : 7  

PerUnitResistance : 0.111  Ohm 

PerUnitCapacitance : 1.66e-17  Farad 

Sink : 0  
     Coordinate : 2954  9786 
     Capacitive Load : 2.352753e-15
     Downstream_Delay : 5.665909e-11
Sink : 1  
     Coordinate : 8542  8464 
     Capacitive Load : 1.009694e-15
     Downstream_Delay : 2.607080e-11
Sink : 2  
     Coordinate : 9355  8804 
     Capacitive Load : 1.701675e-15
     Downstream_Delay : 4.999460e-11
Sink : 3  
     Coordinate : 9299  7343 
     Capacitive Load : 1.547667e-15
     Downstream_Delay : 4.272524e-11
Sink : 4  
     Coordinate : 4340  5422 
     Capacitive Load : 3.087951e-15
     Downstream_Delay : 2.483902e-11
Sink : 5  
     Coordinate : 7605  1801 
     Capacitive Load : 1.553867e-15
     Downstream_Delay : 2.082695e-11
Sink : 6  
     Coordinate : 4878  1305 
     Capacitive Load : 1.985123e-15
     Downstream_Delay : 4.384376e-11
